Comparing depth
[2, 3, 4, 5]
Random init
[0.13639999999999997, 0.18400000000000005, 0.37629999999999997, 0.902]
Pretrained
[0.09599999999999997, 0.13470000000000004, 0.13119999999999998, 0.22409999999999997]
Comparing layer width
[100, 200, 300, 400, 500, 600, 700]
Random init
[0.16490000000000005, 0.13939999999999997, 0.14180000000000004, 0.12070000000000003, 0.12829999999999997, 0.12190000000000001, 0.13590000000000002]
Pretrained
[0.12150000000000005, 0.09340000000000004, 0.08689999999999998, 0.08250000000000002, 0.0796, 0.07499999999999996, 0.07440000000000002]
Comparing traing sizes
[1000, 3000, 7000, 10000, 30000, 60000]
Random init
[0.8497, 0.32089999999999996, 0.14900000000000002, 0.14249999999999996, 0.10360000000000003, 0.10429999999999995]
Pretrained
[0.2178, 0.12839999999999996, 0.10089999999999999, 0.09519999999999995, 0.08279999999999998, 0.07709999999999995]
